423751968759683124168249357945362871872915436316478295537194682691827543284536719


631780000200500000004060938742800506980000001305040002109070203453628710007391654

422751968759683124168249357945362871872915436316478295537194682691827543284536719



423751968759683124168249357945362871872915436316478295537194682691827543284536712 

+-------+-------+-------+
| 6 3 1 | 7 8 5 | 1 6 2 | 
| 2 9 5 | 5 6 6 | 4 4 1 | 
| 7 6 4 | 4 6 9 | 9 3 8 | 
+-------+-------+-------+
| 7 4 2 | 8 5 1 | 5 3 6 | 
| 9 8 6 | 4 1 6 | 5 1 1 | 
| 3 5 5 | 6 4 3 | 9 9 2 | 
+-------+-------+-------+
| 1 9 9 | 3 7 2 | 2 9 3 | 
| 4 5 3 | 6 2 8 | 7 1 8 | 
| 3 7 7 | 3 9 1 | 6 5 4 | 
+-------+-------+-------+


